date,btc_volume,transaction_count,Weighted Price,Close,usd_volume
2012-02-03,37452.9,3376,5.91800903433,5.9593,221646.60056185807
2012-02-04,32535.87,4234,5.92016515741,5.87343,192617.72394002127
2012-02-05,33909.590000000004,3476,5.67586387923,5.68881,192466.21704049883
2012-02-06,37810.95,3533,5.54730810198,5.45345,209748.98927856065
2012-02-07,45183.45,4101,5.62011632448,5.69,253936.24494132583
2012-02-08,40884.88,4289,5.64003700072,5.59998,230592.23596999707
2012-02-09,15315.48,1492,5.74694654813,5.83,88017.24491895405
2012-02-11,58738.64,5260,5.70479000146,5.6005,335091.60617135843
2012-02-12,22510.26,2827,5.6032792752,5.51468,126131.27333736354
2012-02-13,39917.27,4616,5.34338277504,5.26,213293.25294462094
2012-02-14,38193.23,5284,4.70287485975,4.46292,179617.9811796495
2012-02-15,49849.68,5296,4.58366358316,4.3251,228494.16284817937
2012-02-16,57235.94,5565,4.18872351112,4.2739,239745.52755905368
2012-02-17,53447.9,5395,4.45933582375,4.41,238342.13517420762
2012-02-18,60443.06,5064,4.2738234658,4.22201,258322.9681727573
2012-02-19,45265.76,3188,4.35017451771,4.38669,196913.95567677662
2012-02-20,50551.34,4340,4.36845985249,4.36146,220831.4992795718
2012-02-21,76855.93,5412,4.30571671597,4.272,330919.8625224202
2012-02-22,78279.63,6143,4.43649410673,4.42474,347287.1171720049
2012-02-23,60244.06,5077,4.82359247109,5.015,290592.79424389417
2012-02-24,51000.1,3923,4.97502720727,5.0288,253726.88507349073
2012-02-25,30288.2,2793,4.87692111923,4.77302,147713.1622434621
2012-02-26,29724.59,2764,4.95601784591,4.922,147315.59850235793
2012-02-27,15501.29,1792,4.94656645313,4.95598,76678.16109423953
2012-02-28,25529.65,2083,4.86632383984,4.86798,124235.54441777125
2012-02-29,40170.31,2998,4.86411382336,4.86001,195392.96015965645
2012-03-01,5651.14,467,4.93736866363,4.9213,27901.76154978604
2012-03-02,10157.48,724,4.68989335392,4.70499,47637.49794457531
2012-03-03,3788.16,301,4.68238007886,4.61436,17737.604919534297
2012-03-04,22417.05,2738,4.81320541393,4.82001,107897.86642433949
2012-03-05,43934.19,4710,4.94509670744,4.98427,217258.8183130434
2012-03-06,22348.67,1807,4.97570326607,4.9901,111200.35031132062
2012-03-14,2066.6800000000003,121,5.37006407538,5.38,11098.20402330634
2012-03-15,32557.46,3114,5.33292478101,5.32656,173626.48524074184
2012-03-16,27243.85,2827,5.34809455774,5.34388,145702.6859168849
2012-03-17,29785.02,3388,5.3175022843,5.2159,158381.9118879212
2012-03-18,25594.05,3186,5.26360355232,5.27943,134716.9324982557
2012-03-19,46395.24,5162,4.8849942499,4.6939,226640.48062273048
2012-03-20,53953.86,5317,4.79419412872,4.8379,258665.27883378087
2012-03-21,85444.22,6278,4.81525784099,4.81488,411435.9503222746
2012-03-22,71349.84,5351,4.75679860602,4.7043,339396.81945175
2012-03-23,60386.71,5152,4.69850381279,4.68596,283727.18717684405
2012-03-24,48538.41,4445,4.65177135835,4.676,225789.58541784927
2012-03-25,43823.7,4027,4.50044810572,4.55001,197226.28765064158
2012-03-26,49565.659999999996,4451,4.65213698283,4.61911,230586.2399643776
2012-03-27,67956.63,5535,4.66994235965,4.81125,317353.545056062
2012-03-28,54351.7,5135,4.78864579672,4.788,260271.0397495864
2012-03-29,82380.5,7233,4.76536411458,4.80838,392573.07844115765
2012-03-30,51381.479999999996,4646,4.79876120862,4.86,246567.45306548435
2012-03-31,36198.05,2932,4.8881330422,4.90873,176940.8842682077
2012-04-01,11852.93,567,4.79484786161,4.827,56832.99606431302
2012-04-02,48558.74,5428,4.94000681344,4.974,239880.50645206147
2012-04-03,41743.57,4589,4.90194208752,4.952,204624.56266633724
2012-04-04,54847.08,6460,4.93301162794,4.91008,270561.2833985554
2012-04-05,40677.69,4281,4.90665534362,4.919,199591.40500461785
2012-04-06,43035.03,4894,4.94293041873,4.94991,212719.1588579581
2012-04-07,12885.7,1553,4.80301553173,4.68715,61890.21723721326
2012-04-09,19081.46,1572,4.78317082076,4.87191,91269.88268949909
2012-04-17,34561.21,2952,4.95938743402,4.97587,171402.43057852637
2012-04-18,7198.82,765,5.07593038028,5.1178,36540.709140167266
2012-04-19,74633.76,7823,5.1485756327,5.13766,384257.5581127799
2012-04-20,77538.32,7453,5.22983551436,5.35,405512.65965981036
2012-04-21,89112.34,8946,5.27095898467,5.26008,469707.4891679678
2012-04-22,84619.12,8428,5.17917014109,5.20352,438256.81966931163
2012-04-23,38618.18,3179,5.12434951424,4.95999,197893.0519238329
2012-04-24,5562.2,401,5.07294131013,5.09822,28216.714155205085
2012-04-25,31016.48,3427,5.12690423832,5.13182,159018.5227697675
2012-04-28,183.01000000000002,26,4.95613419207,4.9794,907.0221184907309
2012-04-29,23467.14,2202,4.93633652947,4.90441,115841.70042418661
2012-04-30,42267.43,5141,4.94454014345,4.9491,208993.00439546283
2012-05-01,22454.12,3035,4.9613515134,5.0,111402.78224406521
2012-05-02,5366.79,434,5.08462895112,5.07367,27288.135808581304
2012-05-03,24367.06,2192,5.093781446,5.13438,124120.47812156877
2012-05-06,46178.47,3817,5.0505106288,5.04991,233224.85355672194
2012-05-07,47286.75,4239,5.04039069338,5.06002,238343.69462018672
2012-05-08,67760.49,4867,5.02612856169,5.04997,340572.93414310965
2012-05-09,64526.03,5280,5.05227124187,5.0437,326003.0057210408
2012-05-10,63551.36,5027,4.96037046642,4.85,315238.2892448253
2012-05-11,75763.28,5948,4.9279575175,4.96,373358.2252264574
2012-05-12,49176.98,4350,4.95235408779,4.94619,243541.8179281671
2012-05-13,29899.09,2704,4.96024786438,4.92996,148306.89731940543
2012-05-14,50521.07,4186,4.98983577448,5.00594,252091.8424510083
2012-05-15,75206.37,5055,5.00534029234,5.035,376433.47400163015
2012-05-16,79141.18,5657,5.07159054123,5.0887,401371.65990978084
2012-05-17,81348.96,5673,5.08026059008,5.0998,413273.91553199437
2012-05-18,65492.23,3988,5.10244742695,5.11801,334170.66044871765
2012-05-19,51179.87,4005,5.10982737497,5.0995,261520.30077340588
2012-05-20,29124.0,2417,5.11722532073,5.09002,149034.07024094052
2012-05-21,59070.18,4965,5.09579216228,5.09977,301009.36026846885
2012-05-22,80167.54,5812,5.08255538952,5.09877,407455.9624915602
2012-05-23,64814.72,4717,5.12893076775,5.1397,332430.2116111013
2012-05-24,61514.5,5479,5.11920897237,5.11904,314905.58033085434
2012-05-25,24122.45,1956,5.13085734656,5.14546,123768.84979952627
2012-05-26,7118.31,479,5.12184834977,5.10324,36458.90432665129
2012-06-01,62428.55,5336,5.23797414675,5.27481,326999.1309190897
2012-06-02,56955.13,4615,5.24234407781,5.24898,298578.3884563987
2012-06-03,37088.17,3186,5.22420389563,5.2051,193756.16219578768
2012-06-04,18499.57,2317,5.2310339818,5.26599,96771.87931868782
2012-06-07,22379.7,1879,5.50121706738,5.591,123115.58760284419
2012-06-08,31456.56,2389,5.6188957665,5.633,176751.13181265324
2012-06-09,40966.13,3689,5.56857864358,5.55997,228123.11662812196
2012-06-10,29831.44,3104,5.4938324373,5.46829,163888.9327233687
2012-06-11,31925.66,3717,5.51068738711,5.57471,175932.33188716223
2012-06-12,52139.81,4837,5.60455736581,5.70003,292220.5561874339
2012-06-13,59903.55,5061,5.85655780188,5.929,350828.6031128087
2012-06-14,52432.66,4279,5.89530348238,5.9541,309106.44308844657
2012-06-15,47822.98,4658,6.12175708853,6.5,292760.6668096284
2012-06-16,32146.76,3476,6.46089234752,6.4,207696.755681562
2012-06-17,16134.5,2448,6.33016093548,6.16382,102133.98161350207
2012-06-18,12458.47,1205,6.26590749365,6.30998,78063.62053241371
2012-06-19,20603.11,1485,6.44323901506,6.49876,132750.76218357284
2012-06-20,66173.57,7702,6.60646182884,6.67,437173.16428307176
2012-06-21,43453.95,5368,6.69349129199,6.68008,290858.63592756883
2012-06-22,49536.39,4990,6.58492012977,6.54781,326193.17166713736
2012-06-23,27330.25,3428,6.49990963035,6.4285,177644.1551748731
2012-06-24,26579.67,2968,6.40881781385,6.35002,170344.26258225442
2012-06-25,29276.5,3461,6.31643868412,6.30482,184923.2171356392
2012-06-26,11969.99,1118,6.40042787018,6.4195,76613.05760177589
2012-06-28,32397.36,2651,6.59290065824,6.60588,213592.57606923825
2012-06-29,45316.659999999996,4902,6.63033466267,6.65,300464.62159443105
2012-06-30,37791.21,4312,6.65979718539,6.68999,251681.79399048243
2012-07-01,24822.54,3191,6.6005693353,6.62898,163842.89634825767
2012-07-02,41398.65,4682,6.70511175139,6.75999,277582.5746066816
2012-07-03,44791.63,5131,6.5469275855,6.44993,293247.55804650934
2012-07-04,49358.14,5083,6.50573871675,6.5101,321111.16238476685
2012-07-05,48844.8,4701,6.6535181922,6.67,324989.7653943706
2012-07-06,45476.06,4386,6.64435405119,6.64811,302159.04349315946
2012-07-07,50289.6,4096,6.77091737368,6.76207,340506.7263554177
2012-07-08,35574.91,2947,6.79234575682,6.79898,241637.0889877534
2012-07-09,38285.06,4074,6.89803424979,7.0215,264091.65513526514
2012-07-10,64071.06,5627,7.10287767746,7.1999,455088.90184520034
2012-07-11,11658.61,1355,7.10516162989,7.15,82836.30842985187
2012-07-19,13762.2,1276,9.09236725302,8.86999,125130.97660951187
2012-07-20,40064.91,4196,8.19549072837,8.52,328351.59843797854
2012-07-21,21508.42,3812,8.8784316921,8.84553,190961.03777499744
2012-07-22,5603.51,954,8.61682992098,8.4096,48284.49263051065
2012-07-23,356.21999999999997,36,8.46046301168,8.44565,3013.786134020649
2012-07-24,10112.0,996,8.63330042193,8.6,87299.93386655617
